%YAML:1.0
---
K: !!opencv-matrix
   rows: 3
   cols: 3
   dt: d
   data: [ 1.0428039225136067e+03, 0., 6.5427455910644039e+02, 0.,
       1.0415325243649429e+03, 4.7919196862876680e+02, 0., 0., 1. ]
D: !!opencv-matrix
   rows: 1
   cols: 5
   dt: d
   data: [ 3.9764032830319040e-01, -2.0853324744302881e+00,
       -1.7072488201181797e-03, 2.7565329357129510e-03,
       3.3575431730272087e+00 ]
